-743.968750 -309.224670 -7.968750 0.000000 -37.404006 0.000000
-581.229248 -231.805053 -7.968750 0.000000 -124.391952 0.000000
-850.546264 -702.679016 -4.947021 0.000000 36.978141 0.000000
-581.324462 -222.763778 -127.968750 0.000000 -143.663848 0.000000
-747.968750 -509.818511 -127.968750 0.000000 49.056095 0.000000
-799.610656 -32.641620 -155.968750 0.000000 0.480115 0.000000
-797.502563 100.607650 -155.968750 0.000000 -0.905884 0.000000
-568.031250 284.031250 -7.968750 0.000000 131.196212 0.000000
-743.968750 373.693359 -7.968750 0.000000 52.620269 0.000000
-844.327514 771.716186 -15.963692 0.000000 -54.101703 0.000000
722.494018 762.401977 -13.061019 0.000000 -139.434555 0.000000
381.058227 288.031250 -7.968750 0.000000 62.957462 0.000000
723.851623 750.265258 -14.337684 0.000000 -139.893859 0.000000
378.913909 288.031250 -7.968750 0.000000 55.040134 0.000000
549.625183 369.176605 -7.968750 0.000000 121.172172 0.000000
555.968750 521.742431 -127.968750 0.000000 -135.207748 0.000000
607.968750 104.643707 -155.968750 0.000000 179.714141 0.000000
607.569824 -40.658668 -155.968750 0.000000 178.526153 0.000000
555.997436 -503.968750 -127.968750 0.000000 94.442184 0.000000
376.031250 -220.031250 -7.968750 0.000000 -50.097732 0.000000
551.640014 -304.549804 -7.968750 0.000000 -175.713745 0.000000
664.859924 -757.897766 -15.135843 0.000000 131.270263 0.000000
-747.994567 567.968750 -127.968750 0.000000 -50.065555 0.000000
551.968750 368.126953 -7.968750 0.000000 129.920822 0.000000
382.662322 295.283935 -127.968750 0.000000 73.677223 0.000000
368.314514 -360.058837 -127.968750 0.000000 3.524795 0.000000
-560.470336 430.209533 -127.968750 0.000000 -177.822647 0.000000
