-1017.669250 228.093292 -271.968750 0.000000 -35.111846 0.000000
-974.367065 -528.374816 -271.968750 0.000000 86.988113 0.000000
-976.376586 -607.265258 -271.968750 0.000000 -89.627906 0.000000
-1016.350158 -1433.852416 -271.968750 0.000000 47.784202 0.000000
-409.608428 -1282.009155 -271.968444 0.000000 176.010086 0.000000
-409.608428 -1282.009155 -271.968444 0.000000 -179.255920 0.000000
76.281372 -1176.184326 -271.968444 0.000000 179.718139 0.000000
151.187805 -1018.659851 -271.968444 0.000000 131.736099 0.000000
142.611511 -400.831298 -271.968444 0.000000 136.752151 0.000000
52.889900 63.118106 -271.968750 0.000000 -179.952056 0.000000
21.926088 234.387542 -271.968750 0.000000 -178.697952 0.000000
270.981048 -155.669952 -271.968750 0.000000 -85.219375 0.000000
364.772979 0.274704 -103.968750 0.000000 -90.469284 0.000000
211.272933 224.888626 0.031250 0.000000 -111.985328 0.000000
374.041900 -1144.860473 -103.968750 0.000000 88.786613 0.000000
303.267242 -1041.932373 -271.968750 0.000000 96.970710 0.000000
-93.950668 -1383.021606 0.031250 0.000000 90.208496 0.000000
-652.021545 -9.279073 0.031250 0.000000 -92.347358 0.000000
-1040.533813 228.586257 0.031250 0.000000 -58.651393 0.000000
-1097.998901 -292.134918 0.031250 0.000000 2.596640 0.000000
-1097.992065 -884.707519 0.031250 0.000000 0.088667 0.000000
-996.733154 -1424.497802 0.031250 0.000000 81.730682 0.000000
-788.512145 -1229.938354 0.031250 0.000000 91.168647 0.000000
-548.622375 -1235.244750 0.031250 0.000000 87.208679 0.000000
-454.322753 -518.556518 0.031250 0.000000 87.406661 0.000000
-689.112731 -520.025512 0.031250 0.000000 93.742576 0.000000
29.057291 -1383.407714 -271.968444 0.000000 179.912628 0.000000
-86.806549 229.925262 0.031250 0.000000 -91.422111 0.000000
255.422363 -1409.540893 0.031250 0.000000 120.108314 0.000000
