325.000000 -1161.000000 -29.239999 0.000000 90.000000 0.000000
-428.684997 1145.000000 -10.239824 0.000000 -90.000000 0.000000
-1117.014282 1437.274536 -227.191711 0.000000 -54.258071 0.000000
-1081.432373 1072.711914 -218.967056 0.000000 -43.697948 0.000000
-1070.147827 717.998657 -226.159439 0.000000 1.842104 0.000000
-1585.780761 281.567718 -36.370635 0.000000 -1.229900 0.000000
-1582.333862 13.597072 -36.915008 0.000000 2.994098 0.000000
-1573.027587 -304.947326 -38.423416 0.000000 1.674099 0.000000
-990.418395 -1472.921875 -242.105651 0.000000 -4.231366 0.000000
1055.766845 -1477.105957 -228.699981 0.000000 151.428039 0.000000
1099.776733 -998.244506 -225.733871 0.000000 67.433807 0.000000
1489.664672 -349.689331 -52.545074 0.000000 -174.714202 0.000000
1484.280517 -6.737981 -66.713905 0.000000 -179.070266 0.000000
1485.355102 313.747192 -53.245769 0.000000 -179.664260 0.000000
1380.548339 775.449157 -80.737350 0.000000 -179.202209 0.000000
1021.369262 1503.968750 -163.758712 0.000000 -177.552124 0.000000
-1012.409362 -1004.934570 -278.992095 0.000000 41.138305 0.000000
-17.011083 307.005279 -208.870315 0.000000 1.576827 0.000000
-1104.871093 393.674468 -233.979141 0.000000 -2.286853 0.000000
-1078.058837 200.907806 -246.072235 0.000000 0.419150 0.000000
-1099.142211 -215.033126 -235.817810 0.000000 6.953053 0.000000
-1084.952514 -407.924163 -240.949951 0.000000 0.419059 0.000000
1083.631958 -394.628967 -247.861434 0.000000 -179.664916 0.000000
1102.528686 -203.204330 -235.998229 0.000000 179.939117 0.000000
1077.329711 224.571807 -245.042007 0.000000 -175.572998 0.000000
1096.039672 404.125762 -238.313827 0.000000 179.675064 0.000000
1.541971 301.592712 -507.800964 0.000000 2.363110 0.000000
2.185809 -310.653259 -504.975494 0.000000 179.969268 0.000000
16.990657 -304.721862 -208.968750 0.000000 -179.461608 0.000000
-1131.968750 520.031250 -208.968750 0.000000 23.324340 0.000000
1135.968750 520.004028 -208.968750 0.000000 142.652359 0.000000
1135.968750 -520.031250 -208.968750 0.000000 -164.841735 0.000000
-1131.984985 -520.000610 -208.968750 0.000000 -86.169754 0.000000
