1307.197998 383.968750 336.031250 0.000000 -130.368164 0.000000
-175.968750 -1279.968750 336.031250 0.000000 51.497802 0.000000
210.031250 -1230.759033 528.031250 0.000000 -0.048216 0.000000
941.901306 336.758453 528.031250 0.000000 179.507919 0.000000
179.333862 383.993560 576.031250 0.000000 -89.477958 0.000000
978.525756 -1279.997070 576.031250 0.000000 89.880012 0.000000
1506.461059 -699.269348 552.031250 0.000000 -177.654067 0.000000
-330.141479 -195.694702 552.031250 0.000000 1.074045 0.000000
440.187011 -49.359043 240.031250 0.000000 -0.875954 0.000000
711.842102 -50.193550 240.031250 0.000000 179.435958 0.000000
711.996704 -840.760009 240.031250 0.000000 177.587997 0.000000
440.013824 -834.127624 240.031250 0.000000 -3.912044 0.000000
-255.932220 -451.792907 396.031250 0.000000 0.539930 0.000000
1385.754516 -447.004730 384.031250 0.000000 179.597915 0.000000
304.031250 -176.031250 400.050567 0.000000 -44.795261 0.000000
847.968750 -176.031250 400.050506 0.000000 -138.183517 0.000000
847.968750 -719.968750 400.050506 0.000000 134.898376 0.000000
304.031250 -719.968750 400.049591 0.000000 43.044853 0.000000
1283.559936 -572.895446 720.031250 0.000000 -179.271926 0.000000
1319.558227 -571.182434 336.031250 0.000000 177.427963 0.000000
-158.488311 -323.833679 336.031250 0.000000 1.203616 0.000000
-152.997406 -322.384246 720.031250 0.000000 0.279689 0.000000
574.281921 -32.546058 384.031250 0.000000 89.668426 0.000000
577.867370 -849.985107 384.031250 0.000000 -88.453613 0.000000
